MEME version 4

ALPHABET= ACGT

strands: + -

Background letter frequencies (from uniform background):
A 0.25000 C 0.25000 G 0.25000 T 0.25000 

MOTIF ENSDARG00000001785 (irx2a)_(Mus_musculus)_(DBD_0.98)_(M00386_2.00)
letter-probability matrix: alength= 4 w= 9 nsites= 1 E= 0
  0.268445	  0.240482	  0.255353	  0.235720	
  0.200643	  0.235457	  0.276312	  0.287588	
  0.315755	  0.080236	  0.258518	  0.345491	
  0.782420	  0.011733	  0.091139	  0.114708	
  0.101611	  0.743341	  0.043867	  0.111181	
  0.671433	  0.112103	  0.066647	  0.149817	
  0.308060	  0.244764	  0.116780	  0.330396	
  0.231796	  0.229489	  0.363528	  0.175187	
  0.271804	  0.243491	  0.248410	  0.236295	
URL http://cisbp.ccbr.utoronto.ca/TFreport.php?versionNumber=2.00&searchTF=T208497_2.00

MOTIF ENSDARG00000002445 (prdm1a)_(Homo_sapiens)_(DBD_0.98)_(M4545_1.02)
letter-probability matrix: alength= 4 w= 15 nsites= 1 E= 0
  0.338677	  0.136273	  0.210421	  0.314629	
  0.352705	  0.116232	  0.422846	  0.108216	
  0.607214	  0.086172	  0.138277	  0.168337	
  0.709420	  0.110220	  0.112224	  0.068136	
  0.865732	  0.000000	  0.118236	  0.016032	
  0.050100	  0.006012	  0.917836	  0.026052	
  0.182365	  0.018036	  0.168337	  0.631262	
  0.042084	  0.002004	  0.955912	  0.000000	
  0.993988	  0.006012	  0.000000	  0.000000	
  0.935872	  0.000000	  0.064128	  0.000000	
  0.969940	  0.000000	  0.008016	  0.022044	
  0.010020	  0.032064	  0.931864	  0.026052	
  0.010020	  0.088176	  0.066132	  0.835672	
  0.188377	  0.104208	  0.482966	  0.224449	
  0.400802	  0.194389	  0.220441	  0.184369	
URL http://cisbp.ccbr.utoronto.ca/TFreport.php?versionNumber=1.02&searchTF=T041397_1.02

MOTIF ENSDARG00000002937 (meis1a)_(Mus_musculus)_(DBD_0.96)_(M00488_2.00)
letter-probability matrix: alength= 4 w= 9 nsites= 1 E= 0
  0.277841704396102	0.203782152412158	0.232072899176855	0.286303244014886
  0.100552812063028	0.116825700254488	0.0687641877621003	0.713857299920383
  0.00749879244865849	0.0154057682443764	0.957898669981539	0.0191967693254263
  0.860840246594388	0.011564140153765	0.0685736906956778	0.0590219225561698
  0.0210757797151012	0.932738142602989	0.00891847083200764	0.0372676068499016
  0.814925478610374	0.00905300432768775	0.137427522916137	0.0385939941458014
  0.169905303345835	0.139106696964977	0.485530079984995	0.205457919704192
  0.160130742831397	0.332284199100921	0.345844974515791	0.161740083551891
  0.191525830854389	0.253413536624157	0.161583604965877	0.393477027555578

MOTIF ENSDARG00000004588 (sox4a)_(Homo_sapiens)_(DBD_1.00)_(M01026_2.00)
letter-probability matrix: alength= 4 w= 8 nsites= 1 E= 0
  0.866667	  0.000000	  0.133333	  0.000000	
  1.000000	  0.000000	  0.000000	  0.000000	
  0.000000	  1.000000	  0.000000	  0.000000	
  1.000000	  0.000000	  0.000000	  0.000000	
  0.952381	  0.047619	  0.000000	  0.000000	
  0.714286	  0.000000	  0.000000	  0.285714	
  0.111111	  0.000000	  0.888889	  0.000000	
  0.250000	  0.083333	  0.583333	  0.083333	
URL http://cisbp.ccbr.utoronto.ca/TFreport.php?versionNumber=2.00&searchTF=T327833_2.00

MOTIF ENSDARG00000004757 (ybx1)_(Nematostella_vectensis)_(DBD_0.82)_(M01207_2.00)
letter-probability matrix: alength= 4 w= 8 nsites= 1 E= 0
  0.232170	  0.212188	  0.304135	  0.251507	
  0.318185	  0.224221	  0.224221	  0.233372	
  0.298893	  0.175930	  0.235118	  0.290059	
  0.223616	  0.112160	  0.512823	  0.151401	
  0.457101	  0.032619	  0.335259	  0.175021	
  0.190205	  0.175581	  0.002713	  0.631501	
  0.460236	  0.057497	  0.380596	  0.101671	
  0.203386	  0.149173	  0.475851	  0.171590	
URL http://cisbp.ccbr.utoronto.ca/TFreport.php?versionNumber=2.00&searchTF=T164507_2.00

MOTIF ENSDARG00000005559 (pou4f1)_(Caenorhabditis_elegans)_(DBD_0.83)_(M1229_1.02)
letter-probability matrix: alength= 4 w= 8 nsites= 1 E= 0
  0.498756	  0.001244	  0.250000	  0.250000	
  0.000996	  0.000996	  0.000996	  0.997012	
  0.997012	  0.000996	  0.000996	  0.000996	
  0.000906	  0.000906	  0.091486	  0.906703	
  0.000906	  0.000906	  0.906703	  0.091486	
  0.091486	  0.906703	  0.000906	  0.000906	
  0.997012	  0.000996	  0.000996	  0.000996	
  0.001420	  0.001420	  0.001420	  0.995739	
URL http://cisbp.ccbr.utoronto.ca/TFreport.php?versionNumber=1.02&searchTF=T104816_1.02

MOTIF ENSDARG00000008131 (sox1b)_(Mus_musculus)_(DBD_0.96)_(M00208_2.00)
letter-probability matrix: alength= 4 w= 9 nsites= 1 E= 0
  0.610507	  0.080181	  0.080181	  0.229130	
  0.027959	  0.087421	  0.055188	  0.829432	
  0.077434	  0.030859	  0.020893	  0.870814	
  0.237747	  0.206688	  0.478765	  0.076800	
  0.240465	  0.078459	  0.077678	  0.603397	
  0.222149	  0.224382	  0.205070	  0.348399	
  0.230661	  0.273404	  0.181445	  0.314490	
  0.236240	  0.248352	  0.218077	  0.297331	
  0.240132	  0.254981	  0.252444	  0.252444	
URL http://cisbp.ccbr.utoronto.ca/TFreport.php?versionNumber=2.00&searchTF=T327836_2.00

MOTIF ENSDARG00000009094 (gata2b)_(Mus_musculus)_(DBD_0.96)_(M00166_2.00)
letter-probability matrix: alength= 4 w= 10 nsites= 1 E= 0
  0.268595	  0.233506	  0.226604	  0.271295	
  0.274182	  0.235991	  0.229016	  0.260810	
  0.228672	  0.255262	  0.268349	  0.247717	
  0.424078	  0.237440	  0.065360	  0.273121	
  0.073859	  0.028851	  0.873191	  0.024099	
  0.941711	  0.009657	  0.001747	  0.046885	
  0.062764	  0.030247	  0.036212	  0.870777	
  0.486794	  0.180881	  0.095377	  0.236948	
  0.453949	  0.132686	  0.190183	  0.223182	
  0.227316	  0.258874	  0.316190	  0.197619	
URL http://cisbp.ccbr.utoronto.ca/TFreport.php?versionNumber=2.00&searchTF=T192654_2.00

MOTIF ENSDARG00000012656 (atf6)_(Homo_sapiens)_(DBD_0.69)_(M04018_2.00)
letter-probability matrix: alength= 4 w= 12 nsites= 1 E= 0
  0.111378	  0.107522	  0.684544	  0.096556	
  0.520760	  0.074976	  0.387256	  0.017007	
  0.016864	  0.026605	  0.029329	  0.927202	
  0.008565	  0.011991	  0.950964	  0.028480	
  0.985621	  0.002433	  0.005973	  0.005973	
  0.001411	  0.960274	  0.032129	  0.006187	
  0.002567	  0.002232	  0.994866	  0.000335	
  0.005098	  0.003435	  0.005541	  0.985926	
  0.021981	  0.059708	  0.907269	  0.011042	
  0.058625	  0.008403	  0.828858	  0.104114	
  0.045364	  0.872165	  0.038400	  0.044071	
  0.666119	  0.058416	  0.218520	  0.056945	
URL http://cisbp.ccbr.utoronto.ca/TFreport.php?versionNumber=2.00&searchTF=T059387_2.00

MOTIF ENSDARG00000014463 (usf1l)_(Mus_musculus)_(DBD_0.80)_(M0197_1.02)
letter-probability matrix: alength= 4 w= 11 nsites= 1 E= 0
  0.233907	  0.233907	  0.233907	  0.298278	
  0.459617	  0.123761	  0.292862	  0.123761	
  0.017725	  0.171968	  0.153118	  0.657189	
  0.000135	  0.999596	  0.000135	  0.000135	
  0.999596	  0.000135	  0.000135	  0.000135	
  0.064505	  0.935226	  0.000135	  0.000135	
  0.000135	  0.000135	  0.935226	  0.064505	
  0.064505	  0.000135	  0.000135	  0.935226	
  0.016227	  0.016227	  0.951318	  0.016227	
  0.330773	  0.196186	  0.346666	  0.126374	
  0.232410	  0.232410	  0.302771	  0.232410	
URL http://cisbp.ccbr.utoronto.ca/TFreport.php?versionNumber=1.02&searchTF=T013705_1.02

MOTIF ENSDARG00000014626 (dlx3b)_(Mus_musculus)_(DBD_1.00)_(M00387_2.00)
letter-probability matrix: alength= 4 w= 9 nsites= 1 E= 0
  0.315765	  0.220301	  0.205408	  0.258526	
  0.151708	  0.068167	  0.021157	  0.758968	
  0.845957	  0.049426	  0.102562	  0.002055	
  0.951365	  0.000267	  0.022374	  0.025995	
  0.075887	  0.057354	  0.094561	  0.772199	
  0.162453	  0.124013	  0.179538	  0.533996	
  0.376830	  0.081597	  0.412317	  0.129256	
  0.193529	  0.319075	  0.269193	  0.218203	
  0.222715	  0.280309	  0.224953	  0.272024	
URL http://cisbp.ccbr.utoronto.ca/TFreport.php?versionNumber=2.00&searchTF=T208542_2.00

MOTIF ENSDARG00000015355 (fosl1a)_(Homo_sapiens)_(DBD_0.79)_(M04035_2.00)
letter-probability matrix: alength= 4 w= 10 nsites= 1 E= 0
  0.712185	  0.017507	  0.263305	  0.007003	
  0.015311	  0.007656	  0.003828	  0.973206	
  0.007339	  0.011927	  0.933028	  0.047706	
  0.949580	  0.019608	  0.004669	  0.026144	
  0.000000	  0.965812	  0.000000	  0.034188	
  0.043843	  0.007463	  0.948694	  0.000000	
  0.000000	  0.013410	  0.012452	  0.974138	
  0.018182	  0.973206	  0.008612	  0.000000	
  0.962157	  0.022706	  0.009461	  0.005676	
  0.005376	  0.273522	  0.037634	  0.683468	
URL http://cisbp.ccbr.utoronto.ca/TFreport.php?versionNumber=2.00&searchTF=T059388_2.00

MOTIF ENSDARG00000015793 (creb3l1)_(Monodelphis_domestica)_(DBD_0.78)_(M01143_2.00)
letter-probability matrix: alength= 4 w= 8 nsites= 1 E= 0
  0.127712	  0.223416	  0.255317	  0.393556	
  0.918921	  0.014775	  0.036827	  0.029477	
  0.000066	  0.966917	  0.013220	  0.019797	
  0.013134	  0.000065	  0.980201	  0.006600	
  0.000065	  0.019668	  0.000065	  0.980201	
  0.027087	  0.054107	  0.898473	  0.020332	
  0.076389	  0.000076	  0.595314	  0.328220	
  0.142901	  0.622297	  0.081701	  0.153101	
URL http://cisbp.ccbr.utoronto.ca/TFreport.php?versionNumber=2.00&searchTF=T059389_2.00

MOTIF ENSDARG00000016858 (smad7)_(Mus_musculus)_(NA)_(PB0060.1)
letter-probability matrix: alength= 4 w= 17 nsites= 99 E= 0
 0.282828  0.414141  0.111111  0.191919
 0.336634  0.138614  0.267327  0.257426
 0.400000  0.170000  0.170000  0.260000
 0.366337  0.198020  0.207921  0.227723
 0.242424  0.181818  0.222222  0.353535
 0.029703  0.801980  0.039604  0.128713
 0.000000  0.820000  0.040000  0.140000
 0.930000  0.060000  0.010000  0.000000
 0.010000  0.000000  0.990000  0.000000
 0.970000  0.020000  0.000000  0.010000
 0.010101  0.989899  0.000000  0.000000
 0.670000  0.010000  0.280000  0.040000
 0.131313  0.171717  0.333333  0.363636
 0.200000  0.290000  0.250000  0.260000
 0.424242  0.191919  0.161616  0.222222
 0.212121  0.292929  0.292929  0.202020
 0.370000  0.290000  0.150000  0.190000
URL http://jaspar.genereg.net/matrix/PB0060.1

MOTIF ENSDARG00000018757 (klf5l)_(Mus_musculus)_(DBD_0.88)_(M00134_2.00)
letter-probability matrix: alength= 4 w= 10 nsites= 1 E= 0
  0.234441	  0.180766	  0.414554	  0.170239	
  0.219242	  0.497789	  0.115605	  0.167365	
  0.177318	  0.538047	  0.076550	  0.208085	
  0.515538	  0.352557	  0.089587	  0.042318	
  0.009895	  0.974574	  0.000320	  0.015211	
  0.228736	  0.010304	  0.660217	  0.100743	
  0.000089	  0.999596	  0.000241	  0.000074	
  0.000191	  0.999363	  0.000173	  0.000272	
  0.001121	  0.823801	  0.000229	  0.174850	
  0.342124	  0.258571	  0.077105	  0.322200	
URL http://cisbp.ccbr.utoronto.ca/TFreport.php?versionNumber=2.00&searchTF=T090850_2.00

MOTIF ENSDARG00000019335 (hes6)_(Homo_sapiens)_(NA)_(MA1493.1)
letter-probability matrix: alength= 4 w= 10 nsites= 533 E= 0
 0.022514  0.073171  0.823640  0.080675
 0.031809  0.069583  0.872763  0.025845
 0.034694  0.895918  0.038776  0.030612
 0.956427  0.000000  0.019608  0.023965
 0.004292  0.942060  0.019313  0.034335
 0.021692  0.026030  0.952278  0.000000
 0.000000  0.014737  0.061053  0.924211
 0.000000  0.000000  1.000000  0.000000
 0.066937  0.042596  0.000000  0.890467
 0.179545  0.345455  0.000000  0.475000
URL http://jaspar.genereg.net/matrix/MA1493.1

MOTIF ENSDARG00000019810 (nfe2l3)_(Drosophila_melanogaster)_(DBD_0.50)_(M03656_2.00)
letter-probability matrix: alength= 4 w= 16 nsites= 1 E= 0
  0.052632	  0.000000	  0.941520	  0.005848	
  0.000000	  0.000000	  0.006173	  0.993827	
  0.012270	  0.987730	  0.000000	  0.000000	
  0.993827	  0.000000	  0.006173	  0.000000	
  0.000000	  0.110497	  0.248619	  0.640884	
  0.000000	  0.670807	  0.329193	  0.000000	
  0.709251	  0.136564	  0.154185	  0.000000	
  0.000000	  0.000000	  0.000000	  1.000000	
  0.000000	  0.000000	  0.975758	  0.024242	
  0.993827	  0.000000	  0.000000	  0.006173	
  0.000000	  0.947059	  0.000000	  0.052941	
  0.110497	  0.000000	  0.889503	  0.000000	
  0.022989	  0.040230	  0.011494	  0.925287	
  0.078947	  0.706140	  0.100877	  0.114035	
  0.851852	  0.052910	  0.074074	  0.021164	
  0.012195	  0.298780	  0.000000	  0.689024	
URL http://cisbp.ccbr.utoronto.ca/TFreport.php?versionNumber=2.00&searchTF=T059393_2.00

MOTIF ENSDARG00000020746 (gfi1aa)_(Homo_sapiens)_(DBD_0.96)_(M00238_2.00)
letter-probability matrix: alength= 4 w= 9 nsites= 1 E= 0
  0.351796	  0.247906	  0.191148	  0.209150	
  0.666768	  0.093920	  0.052062	  0.187250	
  0.650725	  0.113079	  0.088066	  0.148130	
  0.152463	  0.094342	  0.103226	  0.649969	
  0.166062	  0.615454	  0.125507	  0.092978	
  0.356325	  0.175185	  0.149283	  0.319208	
  0.216526	  0.289371	  0.298183	  0.195920	
  0.281196	  0.175748	  0.272885	  0.270170	
  0.256671	  0.199896	  0.313499	  0.229935	
URL http://cisbp.ccbr.utoronto.ca/TFreport.php?versionNumber=2.00&searchTF=T090858_2.00

MOTIF ENSDARG00000026473 (six1b)_(Mus_musculus)_(DBD_0.98)_(M00512_2.00)
letter-probability matrix: alength= 4 w= 10 nsites= 1 E= 0
  0.289634	  0.216722	  0.244354	  0.249290	
  0.166573	  0.211756	  0.182260	  0.439411	
  0.165752	  0.090967	  0.544840	  0.198441	
  0.929154	  0.059996	  0.000107	  0.010743	
  0.054059	  0.154483	  0.048915	  0.742543	
  0.658419	  0.278618	  0.000170	  0.062793	
  0.069036	  0.541653	  0.109358	  0.279954	
  0.180538	  0.374631	  0.241276	  0.203556	
  0.212494	  0.310727	  0.214630	  0.262149	
  0.221051	  0.289569	  0.216674	  0.272706	
URL http://cisbp.ccbr.utoronto.ca/TFreport.php?versionNumber=2.00&searchTF=T208572_2.00

MOTIF ENSDARG00000028335 (hmga1a)_(Mus_musculus)_(DBD_0.72)_(M00751_2.00)
letter-probability matrix: alength= 4 w= 10 nsites= 1 E= 0
  0.237374	  0.264976	  0.264976	  0.232674	
  0.254916	  0.278923	  0.226090	  0.240071	
  0.234840	  0.237201	  0.304572	  0.223387	
  0.201961	  0.286597	  0.267221	  0.244221	
  0.601325	  0.000225	  0.320261	  0.078189	
  0.466521	  0.184067	  0.000331	  0.349080	
  0.391854	  0.070168	  0.064129	  0.473849	
  0.435120	  0.083565	  0.075612	  0.405703	
  0.376315	  0.160843	  0.160843	  0.302000	
  0.303804	  0.236603	  0.161804	  0.297789	
URL http://cisbp.ccbr.utoronto.ca/TFreport.php?versionNumber=2.00&searchTF=T017380_2.00

MOTIF ENSDARG00000031664 (sox21a)_(Mus_musculus)_(DBD_0.90)_(M00827_2.00)
letter-probability matrix: alength= 4 w= 8 nsites= 1 E= 0
  0.584055	  0.091835	  0.131630	  0.192480	
  0.157111	  0.124830	  0.129925	  0.588134	
  0.109512	  0.081129	  0.077172	  0.732187	
  0.219436	  0.167513	  0.556164	  0.056887	
  0.249535	  0.139714	  0.113250	  0.497501	
  0.257637	  0.194718	  0.206758	  0.340887	
  0.286961	  0.237305	  0.182975	  0.292758	
  0.263628	  0.205314	  0.233817	  0.297240	
URL http://cisbp.ccbr.utoronto.ca/TFreport.php?versionNumber=2.00&searchTF=T327849_2.00

MOTIF ENSDARG00000031683 (fosab)_(Homo_sapiens)_(DBD_0.92)_(M08069_2.00)
letter-probability matrix: alength= 4 w= 11 nsites= 1 E= 0
  0.268029663900107	0.0242209824466097	0.329500612328132	0.378248741325151
  0.254286297455178	0.346203565111242	0.368791672336258	0.0307184650973215
  0.0			0.0			0.0			1.0
  0.0			0.0			0.922166281126723	0.0778337188732767
  1.0			0.0			0.0			0.0
  0.0339501973058068	0.478942713294096	0.381208327664076	0.105898761736021
  0.0			0.0			0.0			1.0
  0.0			1.0			0.0			0.0
  1.0			0.0			0.0			0.0
  0.00877670431351167	0.198088175262038	0.0523200435433099	0.740815076881141
  0.136277044496	0.280174173357		0.268641992108		0.314906790039

MOTIF ENSDARG00000032317 (tox)_(Mus_musculus)_(NA)_(Artegiani_et_al_2015)
letter-probability matrix: alength= 4 w= 10 nsites= 1 E= 0
 0.064500741997		0.332299670801	0.603198587206	9.99996000016e-07
 9.99996000016e-07	0.412899348403	0.587098651605	9.99996000016e-07
 1.00009600922e-06	0.54515333472	0.454844665088	1.00009600922e-06
 9.99996000016e-07	0.416099335603	0.583898664405	9.99996000016e-07
 9.99996000016e-07	9.99996000016e-07	0.999997000012	9.99996000016e-07
 0.290328871572		0.319331655839	0.390338472493	1.00009600922e-06
 0.216121747688		0.212921440458	0.570955811758	1.00009600922e-06
 9.99996000016e-07	9.99996000016e-07	0.999997000012	9.99996000016e-07
 9.99996000016e-07	0.999997000012	9.99996000016e-07	9.99996000016e-07
 9.99996000016e-07	9.99996000016e-07	0.999997000012	9.99996000016e-07

MOTIF ENSDARG00000034293 (hif1ab)_(Homo_sapiens)_(NA)_(MA1106.1)
letter-probability matrix: alength= 4 w= 10 nsites= 980 E= 0
 0.201020  0.233673  0.422449  0.142857
 0.107143  0.275510  0.268367  0.348980
 0.995918  0.000000  0.002041  0.002041
 0.000000  0.998980  0.000000  0.001020
 0.001020  0.000000  0.998980  0.000000
 0.002041  0.033673  0.011224  0.953061
 0.085714  0.041837  0.861224  0.011224
 0.089796  0.854082  0.020408  0.035714
 0.210204  0.295918  0.262245  0.231633
 0.167347  0.321429  0.276531  0.234694
URL http://jaspar.genereg.net/matrix/MA1106.1

MOTIF ENSDARG00000034785 (dachb)_(Homo_sapiens)_(NA)_(UN0306.1)
letter-probability matrix: alength= 4 w= 10 nsites= 9580 E= 0
 0.412839  0.260752  0.189875  0.136534
 0.350104  0.287474  0.138727  0.223695
 0.000104  0.998225  0.001044  0.000626
 0.977662  0.009812  0.012109  0.000418
 0.000313  0.000835  0.998225  0.000626
 0.000626  0.998225  0.000835  0.000313
 0.000418  0.012213  0.009708  0.977662
 0.000626  0.001044  0.998225  0.000104
 0.224008  0.138727  0.288100  0.349165
 0.137161  0.189248  0.260543  0.413048
URL http://jaspar.genereg.net/matrix/UN0306.1

MOTIF ENSDARG00000034956 (myclb)_(NA)_(NA)_(M1927_1.02)
letter-probability matrix: alength= 4 w= 8 nsites= 1 E= 0
  0.37633642195296	0.10406272273699	0.40342124019957	0.11617961511048
  0.0			0.80898075552388	0.19101924447612	0.0
  0.0			1.0			0.0			0.0
  1.0			0.0			0.0			0.0
  0.0			1.0			0.0			0.0
  0.11974340698503	0.0			0.88025659301497	0.0
  0.0			0.0			0.0			1.0
  0.0			0.0			1.0			0.0

MOTIF ENSDARG00000035508 (barhl1a)_(Mus_musculus)_(DBD_1.0)_(M00433_2.00)
letter-probability matrix: alength= 4 w= 9 nsites= 1 E= 0
  0.239869443216047	0.317378411372926	0.190584332856317	0.25216781255471
  0.133763165665997	0.0507073472353008	0.0223331208415463	0.793196366257155
  0.850989318937044	0.0208301108712598	0.0517487138024224	0.0764318563892736
  0.959274282771771	0.0117773364386123	0.00450945833881117	0.0244389224508054
  0.324957233503163	0.0777651653437335	0.136141336435379	0.461136264717725
  0.139125380342338	0.306548365806908	0.136370513235318	0.417955740615436
  0.193728116536701	0.0619579367410106	0.611830763934943	0.132483182787346
  0.201559577428591	0.269369759737175	0.319285283006309	0.209785379827925
  0.174473942032355	0.290549919388956	0.187124730243163	0.347851408335527

MOTIF ENSDARG00000035622 (xbp1)_(Mus_musculus)_(DBD_0.77)_(M00757_2.00)
letter-probability matrix: alength= 4 w= 10 nsites= 1 E= 0
  0.230690	  0.186994	  0.327365	  0.254952	
  0.344385	  0.219590	  0.245123	  0.190902	
  0.195729	  0.236685	  0.118716	  0.448870	
  0.124074	  0.196542	  0.424484	  0.254901	
  0.875057	  0.000288	  0.122033	  0.002623	
  0.049908	  0.720677	  0.001222	  0.228193	
  0.190561	  0.051934	  0.561141	  0.196364	
  0.211100	  0.240406	  0.135956	  0.412539	
  0.270015	  0.136794	  0.353710	  0.239482	
  0.204838	  0.192909	  0.293600	  0.308653	
URL http://cisbp.ccbr.utoronto.ca/TFreport.php?versionNumber=2.00&searchTF=T059403_2.00

MOTIF ENSDARG00000037030 (casz1)_(Homo_sapiens)_(NA)_(Liu_et_al_2020)
letter-probability matrix: alength= 4 w= 8 nsites= 1 E= 0
  0.499	0.299	0.202	0.001
  0.298	0.001	0.700	0.001
  0.001	0.997	0.001	0.001
  0.997	0.001	0.001	0.001
  0.001	0.001	0.997	0.001
  0.001	0.997	0.001	0.001
  0.001	0.001	0.001	0.997
  0.001	0.001	0.997	0.001

MOTIF ENSDARG00000037397 (ssrp1a)_(Neurospora_crassa)_(DBD_0.43)_(M02490_2.00)
letter-probability matrix: alength= 4 w= 10 nsites= 1 E= 0
  0.329130	  0.229626	  0.220622	  0.220622	
  0.346994	  0.223477	  0.251969	  0.177560	
  0.448098	  0.134965	  0.110500	  0.306437	
  0.335755	  0.153912	  0.139266	  0.371067	
  0.248453	  0.220358	  0.178619	  0.352571	
  0.233539	  0.293933	  0.209213	  0.263315	
  0.195880	  0.356917	  0.275201	  0.172001	
  0.140053	  0.396240	  0.262965	  0.200742	
  0.596865	  0.017317	  0.262878	  0.122939	
  0.143083	  0.219956	  0.147441	  0.489520	
URL http://cisbp.ccbr.utoronto.ca/TFreport.php?versionNumber=2.00&searchTF=T327851_2.00

MOTIF ENSDARG00000037421 (egr1)_(Mus_musculus)_(DBD_0.97)_(M00375_2.00)
letter-probability matrix: alength= 4 w= 9 nsites= 1 E= 0
  0.243908	  0.127331	  0.410260	  0.218501	
  0.136334	  0.746286	  0.027802	  0.089578	
  0.025025	  0.845445	  0.091823	  0.037708	
  0.077362	  0.670817	  0.037281	  0.214540	
  0.484453	  0.404649	  0.051574	  0.059324	
  0.021041	  0.912753	  0.004248	  0.061959	
  0.208312	  0.121393	  0.487377	  0.182918	
  0.152373	  0.467000	  0.139258	  0.241369	
  0.342838	  0.210031	  0.239190	  0.207941	
URL http://cisbp.ccbr.utoronto.ca/TFreport.php?versionNumber=2.00&searchTF=T090898_2.00

MOTIF ENSDARG00000037639 (nkx3)_(Mus_musculus)_(DBD_1.00)_(M00506_2.00)
letter-probability matrix: alength= 4 w= 9 nsites= 1 E= 0
  0.222072	  0.252902	  0.183644	  0.341382	
  0.190880	  0.144264	  0.176205	  0.488650	
  0.671910	  0.026579	  0.219231	  0.082280	
  0.946942	  0.002124	  0.008275	  0.042659	
  0.048899	  0.017112	  0.727602	  0.206387	
  0.181881	  0.050066	  0.158119	  0.609934	
  0.334214	  0.016976	  0.579278	  0.069532	
  0.135232	  0.297969	  0.339336	  0.227464	
  0.208040	  0.278030	  0.218707	  0.295223	
URL http://cisbp.ccbr.utoronto.ca/TFreport.php?versionNumber=2.00&searchTF=T208599_2.00

MOTIF ENSDARG00000038792 (klf17)_(Homo_sapiens)_(DBD_0.93)_(M04455_2.00)
letter-probability matrix: alength= 4 w= 11 nsites= 1 E= 0
  0.228039809606231	0.297706620510601	0.285590653396798	0.18866291648637
  0.407599870087691	0.179116596297499	0.342968496265021	0.0703150373497889
  0.119439071566731	0.745003223726628	0.0797872340425532	0.0557704706640877
  0.0729675900778562	0.83686402317581	0.0336773492667029	0.0564910374796306
  0.566352162725156	0.277539517216027	0.129886043377037	0.0262222766817792
  0.0			0.983404255319149	0.0			0.0165957446808511
  0.336164329448943	0.054118111791428	0.576733162156824	0.0329843966028047
  0.0			0.984871084594076	0.0104410824632431	0.00468783294268059
  0.0258377069035123	0.932983447719015	0.0393621316108195	0.00181671376665321
  0.0129795762550105	0.882229433097919	0.0200419927467074	0.0847489979003627
  0.397663349199481	0.247079186499351	0.0841627001298139	0.271094764171354

MOTIF ENSDARG00000039117 (tefa)_(Homo_sapiens)_(DBD_0.81)_(M02850_2.00)
letter-probability matrix: alength= 4 w= 12 nsites= 1 E= 0
  0.212406	  0.202515	  0.278458	  0.306622	
  0.368206	  0.151913	  0.370311	  0.109570	
  0.001673	  0.000000	  0.000836	  0.997491	
  0.010924	  0.000000	  0.001986	  0.987090	
  0.909424	  0.002897	  0.079140	  0.008539	
  0.003272	  0.355799	  0.021103	  0.619827	
  0.192313	  0.023713	  0.777068	  0.006906	
  0.011679	  0.138157	  0.000712	  0.849452	
  0.987908	  0.006791	  0.000000	  0.005301	
  0.988072	  0.004639	  0.001160	  0.006130	
  0.091511	  0.348861	  0.149294	  0.410335	
  0.290025	  0.236044	  0.216429	  0.257502	
URL http://cisbp.ccbr.utoronto.ca/TFreport.php?versionNumber=2.00&searchTF=T059408_2.00

MOTIF ENSDARG00000040764 (id1)_(Mus_musculus)_(NA)_(M0189_1.02)
letter-probability matrix: alength= 4 w= 8 nsites= 1 E= 0
  0.2777 0.1669 0.4994 0.0560
  0.0004 0.9989 0.0004 0.0004
  0.9990 0.0003 0.0003 0.0003
  0.0003 0.9990 0.0003 0.0003
  0.0003 0.0003 0.9990 0.0003
  0.0003 0.0003 0.0003 0.9990
  0.0003 0.0003 0.9990 0.0003
  0.4995 0.0458 0.2727 0.1819

MOTIF ENSDARG00000042667 (klf2a)_(Homo_sapiens)_(DBD_0.93)_(M04455_2.00)
letter-probability matrix: alength= 4 w= 11 nsites= 1 E= 0
  0.228039809606231	0.297706620510601	0.285590653396798	0.18866291648637
  0.407599870087691	0.179116596297499	0.342968496265021	0.0703150373497889
  0.119439071566731	0.745003223726628	0.0797872340425532	0.0557704706640877
  0.0729675900778562	0.83686402317581	0.0336773492667029	0.0564910374796306
  0.566352162725156	0.277539517216027	0.129886043377037	0.0262222766817792
  0.0			0.983404255319149	0.0			0.0165957446808511
  0.336164329448943	0.054118111791428	0.576733162156824	0.0329843966028047
  0.0			0.984871084594076	0.0104410824632431	0.00468783294268059
  0.0258377069035123	0.932983447719015	0.0393621316108195	0.00181671376665321
  0.0129795762550105	0.882229433097919	0.0200419927467074	0.0847489979003627
  0.397663349199481	0.247079186499351	0.0841627001298139	0.271094764171354

MOTIF ENSDARG00000042824 (nfe2l2a)_(Homo_sapiens)_(DBD_0.73)_(M08789_2.00)
letter-probability matrix: alength= 4 w= 14 nsites= 1 E= 0
  0.686		0.048	0.26	0.006
  0.0		0.0	0.002	0.998
  0.0		0.0	0.992	0.008
  0.986		0.004	0.008	0.002
  0.018		0.816	0.142	0.024
  0.068		0.012	0.012	0.908
  0.056		0.874	0.038	0.032
  0.892		0.004	0.05	0.054
  0.008		0.006	0.966	0.02
  0.016		0.954	0.02	0.01
  0.858		0.02	0.046	0.076
  0.326		0.142	0.356	0.176
  0.338		0.086	0.102	0.474
  0.316		0.118	0.048	0.518

MOTIF ENSDARG00000043531 (jun)_(Mus_musculus)_(DBD_0.95)_(M00995_2.00)
letter-probability matrix: alength= 4 w= 9 nsites= 1 E= 0
  0.411742	  0.164709	  0.258840	  0.164709	
  0.000103	  0.000103	  0.000103	  0.999690	
  0.000103	  0.053395	  0.892111	  0.054391	
  0.999690	  0.000103	  0.000103	  0.000103	
  0.000103	  0.999690	  0.000103	  0.000103	
  0.000103	  0.053395	  0.530029	  0.416473	
  0.053395	  0.583320	  0.000103	  0.363182	
  0.700860	  0.298933	  0.000103	  0.000103	
  0.448473	  0.155620	  0.085394	  0.310513	
URL http://cisbp.ccbr.utoronto.ca/TFreport.php?versionNumber=2.00&searchTF=T059418_2.00

MOTIF ENSDARG00000044375 (zgc:158291)_(Caenorhabditis_elegans)_(NA)_(M1229_1.02)
letter-probability matrix: alength= 4 w= 8 nsites= 1 E= 0
  0.4988 0.0012 0.2500 0.2500
  0.0010 0.0010 0.0010 0.9970
  0.9970 0.0010 0.0010 0.0010
  0.0009 0.0009 0.0915 0.9067
  0.0009 0.0009 0.9067 0.0915
  0.0915 0.9067 0.0009 0.0009
  0.9970 0.0010 0.0010 0.0010
  0.0014 0.0014 0.0014 0.9957

MOTIF ENSDARG00000053301 (insm1b)_(Homo_sapiens)_(NA)_(MA0155.1)
letter-probability matrix: alength= 4 w= 12 nsites= 24 E= 0
 0.041667  0.000000  0.166667  0.791667
 0.000000  0.000000  0.833333  0.166667
 0.000000  0.333333  0.125000  0.541667
 0.250000  0.625000  0.000000  0.125000
 0.666667  0.000000  0.000000  0.333333
 0.000000  0.000000  1.000000  0.000000
 0.000000  0.041667  0.958333  0.000000
 0.000000  0.000000  1.000000  0.000000
 0.000000  0.000000  1.000000  0.000000
 0.000000  0.083333  0.666667  0.250000
 0.125000  0.666667  0.000000  0.208333
 0.416667  0.000000  0.500000  0.083333
URL http://jaspar.genereg.net/matrix/MA0155.1

MOTIF ENSDARG00000053569 (sox3)_(Mus_musculus)_(DBD_0.96)_(M00208_2.00)
letter-probability matrix: alength= 4 w= 9 nsites= 1 E= 0
  0.610507266706832	0.0801812900653711	0.0801812900653711	0.229130153162426
  0.027959046879859	0.0874214632878697	0.0551877400442034	0.829431749788068
  0.0774341518084521	0.0308589839306914	0.020893287211679	0.870813577049178
  0.237747436287488	0.206687691686368	0.478764543461499	0.076800328564645
  0.240465342333301	0.078458982525308	0.0776783026054413	0.603397372535949
  0.222149224043847	0.224381860862727	0.205069580054752	0.348399335038674
  0.230661467872392	0.273404156873974	0.181444737110285	0.314489638143348
  0.236239774198884	0.248352046427588	0.218076797232624	0.297331382140904
  0.240131857021142	0.254980781772269	0.252443680603295	0.252443680603295

MOTIF ENSDARG00000054560 (her15)_(Homo_sapiens)_(NA)_(MA0821.1)
letter-probability matrix: alength= 4 w= 12 nsites= 1560 E= 0
 0.138462  0.499359  0.019231  0.342949
 0.029138  0.003720  0.966522  0.000620
 0.320201  0.026404  0.653395  0.000000
 0.000000  1.000000  0.000000  0.000000
 0.999359  0.000000  0.000641  0.000000
 0.000641  0.998719  0.000000  0.000641
 0.000641  0.000000  0.999359  0.000000
 0.000000  0.004470  0.000000  0.995530
 0.000000  0.000000  1.000000  0.000000
 0.000000  0.847283  0.007609  0.145109
 0.000000  0.990470  0.000635  0.008895
 0.417843  0.098203  0.304878  0.179076
URL http://jaspar.genereg.net/matrix/MA0821.1

MOTIF ENSDARG00000054562 (her15)_(Homo_sapiens)_(NA)_(MA0821.1)
letter-probability matrix: alength= 4 w= 12 nsites= 1560 E= 0
 0.138462  0.499359  0.019231  0.342949
 0.029138  0.003720  0.966522  0.000620
 0.320201  0.026404  0.653395  0.000000
 0.000000  1.000000  0.000000  0.000000
 0.999359  0.000000  0.000641  0.000000
 0.000641  0.998719  0.000000  0.000641
 0.000641  0.000000  0.999359  0.000000
 0.000000  0.004470  0.000000  0.995530
 0.000000  0.000000  1.000000  0.000000
 0.000000  0.847283  0.007609  0.145109
 0.000000  0.990470  0.000635  0.008895
 0.417843  0.098203  0.304878  0.179076
URL http://jaspar.genereg.net/matrix/MA0821.1

MOTIF ENSDARG00000055283 (id2a)_(Mus_musculus)_(NA)_(M0189_1.02)
letter-probability matrix: alength= 4 w= 8 nsites= 1 E= 0
  0.2777 0.1669 0.4994 0.0560
  0.0004 0.9989 0.0004 0.0004
  0.9990 0.0003 0.0003 0.0003
  0.0003 0.9990 0.0003 0.0003
  0.0003 0.0003 0.9990 0.0003
  0.0003 0.0003 0.0003 0.9990
  0.0003 0.0003 0.9990 0.0003
  0.4995 0.0458 0.2727 0.1819

MOTIF ENSDARG00000055294 (atoh1a)_(Homo_sapiens)_(DBD_0.90)_(M04169_2.00)
letter-probability matrix: alength= 4 w= 10 nsites= 1 E= 0
  0.719962	  0.059793	  0.173120	  0.047125	
  0.439411	  0.311584	  0.246334	  0.002671	
  0.000000	  1.000000	  0.000000	  0.000000	
  0.993704	  0.000000	  0.006296	  0.000000	
  0.000000	  0.024282	  0.051998	  0.923721	
  0.922739	  0.054890	  0.022371	  0.000000	
  0.000000	  0.004120	  0.000000	  0.995880	
  0.000000	  0.000000	  1.000000	  0.000000	
  0.007383	  0.222653	  0.348484	  0.421480	
  0.023069	  0.581635	  0.027493	  0.367804	
URL http://cisbp.ccbr.utoronto.ca/TFreport.php?versionNumber=2.00&searchTF=T033701_2.00

MOTIF ENSDARG00000056729 (her4)_(Homo_sapiens)_(NA)_(MA0821.1)
letter-probability matrix: alength= 4 w= 12 nsites= 1560 E= 0
 0.138462  0.499359  0.019231  0.342949
 0.029138  0.003720  0.966522  0.000620
 0.320201  0.026404  0.653395  0.000000
 0.000000  1.000000  0.000000  0.000000
 0.999359  0.000000  0.000641  0.000000
 0.000641  0.998719  0.000000  0.000641
 0.000641  0.000000  0.999359  0.000000
 0.000000  0.004470  0.000000  0.995530
 0.000000  0.000000  1.000000  0.000000
 0.000000  0.847283  0.007609  0.145109
 0.000000  0.990470  0.000635  0.008895
 0.417843  0.098203  0.304878  0.179076
URL http://jaspar.genereg.net/matrix/MA0821.1

MOTIF ENSDARG00000056732 (her4)_(Homo_sapiens)_(NA)_(MA0821.1)
letter-probability matrix: alength= 4 w= 12 nsites= 1560 E= 0
 0.138462  0.499359  0.019231  0.342949
 0.029138  0.003720  0.966522  0.000620
 0.320201  0.026404  0.653395  0.000000
 0.000000  1.000000  0.000000  0.000000
 0.999359  0.000000  0.000641  0.000000
 0.000641  0.998719  0.000000  0.000641
 0.000641  0.000000  0.999359  0.000000
 0.000000  0.004470  0.000000  0.995530
 0.000000  0.000000  1.000000  0.000000
 0.000000  0.847283  0.007609  0.145109
 0.000000  0.990470  0.000635  0.008895
 0.417843  0.098203  0.304878  0.179076
URL http://jaspar.genereg.net/matrix/MA0821.1

MOTIF ENSDARG00000059337 (tgif1)_(Mus_musculus)_(DBD_0.85)_(M00521_2.00)
letter-probability matrix: alength= 4 w= 10 nsites= 1 E= 0
  0.288498	  0.195329	  0.236202	  0.279971	
  0.262688	  0.217232	  0.208714	  0.311365	
  0.103657	  0.077563	  0.037378	  0.781402	
  0.010538	  0.001868	  0.987333	  0.000261	
  0.907737	  0.003939	  0.058030	  0.030294	
  0.040867	  0.916283	  0.003976	  0.038874	
  0.789137	  0.002614	  0.170876	  0.037373	
  0.131845	  0.141405	  0.524071	  0.202680	
  0.191490	  0.309462	  0.309462	  0.189585	
  0.190909	  0.245132	  0.187129	  0.376831	
URL http://cisbp.ccbr.utoronto.ca/TFreport.php?versionNumber=2.00&searchTF=T208662_2.00

MOTIF ENSDARG00000059836 (ddit3)_(Mus_musculus)_(NA)_(UN0251.1)
letter-probability matrix: alength= 4 w= 15 nsites= 1397 E= 0
 0.358626  0.132427  0.317108  0.191840
 0.252684  0.158196  0.324982  0.264137
 0.435934  0.310666  0.193987  0.059413
 0.012885  0.017895  0.014316  0.954903
 0.025770  0.012885  0.941303  0.020043
 0.948461  0.017180  0.017895  0.016464
 0.010737  0.027917  0.007158  0.954188
 0.005727  0.002863  0.984252  0.007158
 0.216178  0.253400  0.009306  0.521117
 0.931281  0.051539  0.005727  0.011453
 0.984968  0.002863  0.005727  0.006442
 0.081603  0.188976  0.108089  0.621331
 0.224767  0.390122  0.169649  0.215462
 0.276306  0.252684  0.183250  0.287759
 0.250537  0.243379  0.214030  0.292054
URL http://jaspar.genereg.net/matrix/UN0251.1

MOTIF ENSDARG00000063438 (srebf2)_(Mus_musculus)_(DBD_0.74)_(M00754_2.00)
letter-probability matrix: alength= 4 w= 10 nsites= 1 E= 0
  0.490975	  0.146407	  0.261489	  0.101129	
  0.206681	  0.141341	  0.073052	  0.578926	
  0.077129	  0.841747	  0.025674	  0.055450	
  0.738939	  0.002045	  0.160007	  0.099009	
  0.069397	  0.578160	  0.139749	  0.212693	
  0.199177	  0.315512	  0.485023	  0.000288	
  0.133603	  0.466320	  0.002704	  0.397372	
  0.064264	  0.327993	  0.479620	  0.128123	
  0.694816	  0.069661	  0.118350	  0.117172	
  0.092190	  0.362799	  0.151995	  0.393016	
URL http://cisbp.ccbr.utoronto.ca/TFreport.php?versionNumber=2.00&searchTF=T033712_2.00

MOTIF ENSDARG00000070538 (hey1)_(Homo_sapiens)_(DBD_0.98)_(M02793_2.00)
letter-probability matrix: alength= 4 w= 10 nsites= 1 E= 0
  0.130916716596765	0.227980826842421	0.535650089874176	0.105452366686639
  0.411324146195327	0.196524865188736	0.359197124026363	0.0329538645895746
  0.000297885016383676	0.99434018468871	0.000893655049151028	0.00446827524575514
  0.950455580865604	0.00854214123006834	0.0350227790432802	0.00597949886104784
  0.0			1.0			0.0			0.0
  0.0			0.00536352800953516	0.994636471990465	0.0
  0.0			0.124018838304553	0.00261643118785976	0.873364730507588
  0.00938141307534447	0.00557021401348578	0.97859865142187	0.00644972148929933
  0.0997603355302576	0.527860994607549	0.113840623127621	0.258538046734572
  0.142300778909527	0.650689035350509	0.111743559017376	0.0952666267225884

MOTIF ENSDARG00000070922 (cnbpb)_(Homo_sapiens)_(NA)_(Lee_et_al_2017)
letter-probability matrix: alength= 4 w= 8 nsites= 1 E= 0 
 1.000000  0.000000  0.000000  0.000000 
 0.916667  0.000000  0.083333  0.000000 
 0.666667  0.000000  0.000000  0.333333 
 0.000000  0.000000  0.000000  1.000000 
 0.000000  0.000000  0.666667  0.333333 
 1.000000  0.000000  0.000000  0.000000 
 0.000000  0.000000  1.000000  0.000000 
 0.916667  0.000000  0.000000  0.083333 

MOTIF ENSDARG00000071560 (dlx4b)_(Mus_musculus)_(DBD_0.90)_(M00409_2.00)
letter-probability matrix: alength= 4 w= 8 nsites= 1 E= 0
  0.291902536773561	0.22507191388922	0.216246717916025	0.266778831421194
  0.183992918022793	0.113851761891682	0.0663469152781274	0.635808404807398
  0.741382191815252	0.0399854753231336	0.172175838420608	0.0464564944410066
  0.871576263095584	0.00136383879926119	0.0540712904533705	0.0729886076517847
  0.0923594880947766	0.0961287503072877	0.122203592144645	0.689308169453291
  0.172865107343571	0.150281704685785	0.206957107983347	0.469896079987297
  0.350649191538672	0.105613506924544	0.395355859460695	0.148381442076089
  0.204866870910904	0.308697044647596	0.271065464449686	0.215370619991813

MOTIF ENSDARG00000074030 (myt1a)_(Mus_musculus)_(NA)_(Mall_et_al_2017)
letter-probability matrix: alength= 4 w= 12 nsites= 1 E= 0
 0.551378446	0.117794486	0.183792815	0.147034252
 0.804026846	0.025503356	0.073825503	0.096644295
 0.952305246	0.010333863	0.008744038	0.028616852
 0.009153318	0.073226545	0.913806255	0.003813883
 0.012841091	0.015248796	0.010433387	0.961476726
 0.330830596	0.027686532	0.07930549	0.562177382
 0.565361019	0.078338839	0.017932987	0.338367154
 0.961476726	0.003210273	0.015248796	0.020064205
 0.00669145	0.89070632	0.09739777	0.005204461
 0.00968523	0.008878128	0.014527845	0.966908797
 0.09472982	0.08072048	0.025350233	0.799199466
 0.15037594	0.173767753	0.131161236	0.544695071

MOTIF ENSDARG00000074378 (junba)_(Mus_musculus)_(DBD_0.88)_(M00760_2.00)
letter-probability matrix: alength= 4 w= 8 nsites= 1 E= 0
  0.142857	  0.142857	  0.142857	  0.571429	
  0.142857	  0.142857	  0.571429	  0.142857	
  0.571429	  0.142857	  0.142857	  0.142857	
  0.142857	  0.571429	  0.142857	  0.142857	
  0.142857	  0.142857	  0.285714	  0.428571	
  0.142857	  0.428571	  0.142857	  0.285714	
  0.428571	  0.285714	  0.142857	  0.142857	
  0.333333	  0.166667	  0.166667	  0.333333	
URL http://cisbp.ccbr.utoronto.ca/TFreport.php?versionNumber=2.00&searchTF=T059435_2.00

MOTIF ENSDARG00000077982 (elf3)_(Mus_musculus)_(DBD_0.93)_(M00156_2.00)
letter-probability matrix: alength= 4 w= 10 nsites= 1 E= 0
  0.411349	  0.141096	  0.190460	  0.257094	
  0.256228	  0.286021	  0.214019	  0.243731	
  0.255689	  0.345145	  0.285420	  0.113745	
  0.360725	  0.386880	  0.177348	  0.075047	
  0.143150	  0.028047	  0.745381	  0.083421	
  0.125128	  0.023321	  0.756981	  0.094570	
  0.888187	  0.000017	  0.039614	  0.072181	
  0.787696	  0.000028	  0.029345	  0.182932	
  0.390316	  0.110715	  0.414452	  0.084517	
  0.222956	  0.197744	  0.143592	  0.435709	
URL http://cisbp.ccbr.utoronto.ca/TFreport.php?versionNumber=2.00&searchTF=T175932_2.00

MOTIF ENSDARG00000091756 (insm1a)_(Homo_sapiens)_(NA)_(MA0155.1)
letter-probability matrix: alength= 4 w= 12 nsites= 24 E= 0
 0.041667  0.000000  0.166667  0.791667
 0.000000  0.000000  0.833333  0.166667
 0.000000  0.333333  0.125000  0.541667
 0.250000  0.625000  0.000000  0.125000
 0.666667  0.000000  0.000000  0.333333
 0.000000  0.000000  1.000000  0.000000
 0.000000  0.041667  0.958333  0.000000
 0.000000  0.000000  1.000000  0.000000
 0.000000  0.000000  1.000000  0.000000
 0.000000  0.083333  0.666667  0.250000
 0.125000  0.666667  0.000000  0.208333
 0.416667  0.000000  0.500000  0.083333
URL http://jaspar.genereg.net/matrix/MA0155.1

MOTIF ENSDARG00000095743 (sox11b)_(Mus_musculus)_(DBD_0.99)_(M00210_2.00)
letter-probability matrix: alength= 4 w= 9 nsites= 1 E= 0
  0.582312545673708	0.0454679337191554	0.0651705268149834	0.307048993792153
  0.000166176289790289	0.0269853447524101	0.0427467825950795	0.93010169636272
  0.000693727266847134	0.00419680539960017	0.00845132823517253	0.98665813909838
  0.162207363222591	0.112042194467007	0.712568135503806	0.0131823068065953
  0.0628896656710114	0.0207258528847895	0.00825964701858828	0.908124834425611
  0.115258560982728	0.28066953937186	0.201779993117081	0.402291906528331
  0.239590858582209	0.304579675385065	0.151249790647661	0.304579675385065
  0.245190588181174	0.230911799920031	0.215300735191341	0.308596876707454
  0.213432270396803	0.285236752976003	0.240644212892956	0.260686763734237

MOTIF ENSDARG00000099564 (atoh1b)_(Mus_musculus)_(DBD_0.81)_(M01754_2.00)
letter-probability matrix: alength= 4 w= 10 nsites= 1 E= 0
  0.383121499345363	0.221524715832725	0.243455684087651	0.151898100403036
  0.665688421548325	0.168178093271311	0.118649182051303	0.0474843027978372
  1.06698330292447e-05	0.999967990169688	1.06698330292447e-05	1.06698330292447e-05
  0.999967990169688	1.06698330292447e-05	1.06698330292447e-05	1.06698330292447e-05
  1.06698330292447e-05	1.06698330292447e-05	0.0879234494515829	0.912055210551133
  0.912055210551133	0.0879234494515829	1.06698330292447e-05	1.06698330292447e-05
  1.06698330292447e-05	1.06698330292447e-05	1.06698330292447e-05	0.999967990169688
  1.06698330292447e-05	1.06698330292447e-05	0.999967990169688	1.06698330292447e-05
  0.0981125693471867	0.0981125693471867	0.500295599421591	0.303479261552811
  0.202526366952386	0.300826191069919	0.202526366952386	0.294121074694085

MOTIF ENSDARG00000100244 (ebf3a)_(Mus_musculus)_(DBD_0.94)_(M09045_2.00)
letter-probability matrix: alength= 4 w= 13 nsites= 1 E= 0
  0.417249417249417	0.0955710955710956	0.300699300699301	0.186480186480187
  0.121212121212121	0.188811188811189	0.477855477855478	0.212121212121212
  0.0256410256410256	0.335664335664336	0.055944055944056	0.582750582750583
  0.00233100233100233	0.988344988344989	0.00699300699300699	0.00233100233100233
  0.00466200466200466	0.794871794871795	0.00466200466200466	0.195804195804196
  0.00466200466200466	0.976689976689977	0.00466200466200466	0.013986013986014
  0.403263403263403	0.041958041958042	0.0815850815850816	0.473193473193473
